,0,1,2,3,4,5,6
0,25.334491726802852,43.45614546563214,23.48227901072953,25.501411344895498,33.28791528679692,24.644181048256943,6.174860263246475
1,43.45614546563214,43.69699620527092,43.3484360444281,43.39864409847148,38.447477321309435,43.578984520585365,38.19365331457178
2,23.48227901072953,43.3484360444281,20.89286112706687,23.46017672059202,33.20359467733001,21.302373323032462,5.4732697351195485
3,25.501411344895498,43.39864409847148,23.46017672059202,25.07109739683902,33.25869614571647,24.551493078603258,6.567835672376281
4,33.28791528679692,38.447477321309435,33.20359467733001,33.25869614571647,33.3622237153044,33.31115363946323,29.80438378260365
5,24.644181048256943,43.578984520585365,21.302373323032462,24.551493078603258,33.31115363946323,20.868782370564126,3.341679593158583
6,6.174860263246475,38.19365331457178,5.4732697351195485,6.567835672376281,29.80438378260365,3.341679593158583,4.257332636818508e-14
