,0,1,2,3,4,5,6
0,2.7603219028964847e-14,49.52251971947667,17.691373382698274,27.34490753222994,9.6002726375046,83.19737222964608,78.80756612046163
1,49.52251971947667,51.31460814430377,50.267845631034454,50.6701816707985,50.770089058392735,78.74077654623309,74.55423031574782
2,17.691373382698274,50.267845631034454,26.04099651881812,33.874661442553176,24.557525516420718,83.38138656349975,79.03180617232383
3,27.34490753222994,50.6701816707985,33.874661442553176,38.67153909391778,34.863615709847856,83.37624824150669,79.04891029131394
4,9.6002726375046,50.770089058392735,24.557525516420718,34.863615709847856,18.714376610370817,83.70798644609253,79.39978232955596
5,83.19737222964608,78.74077654623309,83.38138656349975,83.37624824150669,83.70798644609253,83.96926630574279,82.39559087202444
6,78.80756612046163,74.55423031574782,79.03180617232383,79.04891029131394,79.39978232955596,82.39559087202444,79.69951523917062
