,0,1,2,3,4,5,6
0,19.77789332320697,6.366628948851854,21.209263249115452,13.107416395932512,2.6755515955045146,19.036531711561466,21.14854885608762
1,6.366628948851854,5.576962910794459,6.436680219691794,7.918695684570708,3.742053260208112,6.204968489000872,6.001189548612296
2,21.209263249115452,6.436680219691794,22.13281972880203,13.264639503250551,2.7756525474059384,20.095521091155593,22.85061887524554
3,13.107416395932512,7.918695684570708,13.264639503250551,12.290111099253727,5.522526360731415,12.848655634804759,12.77861754942999
4,2.6755515955045146,3.742053260208112,2.7756525474059384,5.522526360731415,7.288256201960487e-14,2.356228299144145,1.8577396002945346
5,19.036531711561466,6.204968489000872,20.095521091155593,12.848655634804759,2.356228299144145,17.4174297456622,19.33213026149894
6,21.14854885608762,6.001189548612296,22.85061887524554,12.77861754942999,1.8577396002945346,19.33213026149894,22.843399464229872
