,0,1,2,3,4,5,6
0,84.92737362237898,84.11074529352696,86.76844196406385,79.18800422536758,84.0592368338212,84.10158823144573,84.68739530761326
1,84.11074529352696,3.3746741042563244e-14,86.74775809209743,51.60560867765508,16.849713919561193,20.626491659941866,22.511698956405446
2,86.76844196406385,86.74775809209743,87.43806943933578,81.91498883836586,86.69855525716467,86.72737529544727,87.22555889275205
3,79.18800422536758,51.60560867765508,81.91498883836586,53.21030999683367,51.76455897452646,51.960311745442006,53.01598992287895
4,84.0592368338212,16.849713919561193,86.69855525716467,51.76455897452646,22.962289486471708,26.231485216214786,29.370647535603553
5,84.10158823144573,20.626491659941866,86.72737529544727,51.960311745442006,26.231485216214786,28.10916997445462,33.06232689938208
6,84.68739530761326,22.511698956405446,87.22555889275205,53.01598992287895,29.370647535603553,33.06232689938208,41.50952186755479
