,0,1,2,3,4,5,6
0,26.021564957122642,31.999431581394198,43.38334831603897,36.36122045618575,66.27299931064476,68.04602598437536,17.67817223607106
1,31.999431581394198,35.6864970982308,43.78888522222632,41.01011503037615,66.30395585750118,68.06236347238564,25.23416409495305
2,43.38334831603897,43.78888522222632,44.16141510873515,44.48716254630715,62.71711236723596,64.5645470539863,42.61914159827994
3,36.36122045618575,41.01011503037615,44.48716254630715,52.26216370249749,66.72249154022381,68.41595612240582,26.809924295946466
4,66.27299931064476,66.30395585750118,62.71711236723596,66.72249154022381,66.79824535814171,68.18763339820832,66.05067950532936
5,68.04602598437536,68.06236347238564,64.5645470539863,68.41595612240582,68.18763339820832,68.49549526462687,67.86584504425261
6,17.67817223607106,25.23416409495305,42.61914159827994,26.809924295946466,66.05067950532936,67.86584504425261,3.669629932499033e-14
