,0,1,2,3,4,5,6
0,16.85441026327554,10.574825470240434,17.191478516079265,16.969262799861124,8.188275029845384,17.07181548758085,16.92674509592311
1,10.574825470240434,8.018657403091414,8.45528836303121,8.366305872447409,5.945608070476723,8.251739139574148,8.340841287556293
2,17.191478516079265,8.45528836303121,19.75312654354335,18.527898044406854,2.732704667349163,20.867526980511432,18.37133683413106
3,16.969262799861124,8.366305872447409,18.527898044406854,16.674691525472287,2.4876913926657798,18.648865445339634,16.912357791936397
4,8.188275029845384,5.945608070476723,2.732704667349163,2.4876913926657798,6.835706030705912e-14,1.9513229070533888,2.442463359715716
5,17.07181548758085,8.251739139574148,20.867526980511432,18.648865445339634,1.9513229070533888,21.72901228453148,18.24664570266718
6,16.92674509592311,8.340841287556293,18.37133683413106,16.912357791936397,2.442463359715716,18.24664570266718,16.371533545358822
